data formatSmartstat initialized
scanRate: 0.15	number of Cycles: 1	 eqTime: 1000
0.06
0.07
0.13
0.07
0.13
0.15
0.11
0.16
0.19
0.15
0.21
0.26
0.23
0.24
0.27
0.34
0.30
0.31
0.32
0.32
0.34
0.37
0.43
0.40
0.41
0.42
0.43
0.44
0.47
0.43
0.44
0.46
0.47
0.48
0.51
0.52
0.53
0.55
0.63
0.58
0.60
0.61
0.63
0.64
0.66
0.67
0.68
0.70
0.71
0.73
0.74
0.76
0.77
0.79
0.80
0.82
0.83
0.88
0.86
0.87
0.89
0.90
0.92
0.93
0.95
0.96
0.97
0.99
1.01
1.03
1.04
1.15
1.07
1.08
1.09
1.11
1.13
1.14
1.16
1.17
1.19
1.21
1.22
1.23
1.25
1.26
1.27
1.29
1.30
1.32
1.37
1.35
1.36
1.38
1.39
1.41
1.42
1.44
1.46
1.46
1.48
1.49
1.51
1.52
1.57
1.55
1.57
1.58
1.60
1.61
1.63
1.64
1.66
1.67
1.68
1.70
1.71
1.73
1.74
1.76
1.77
1.79
1.80
1.82
