data format0.010000
0.070000
0.090000
0.060000
0.120000
0.140000
0.120000
0.170000
0.190000
0.200000
0.220000
0.240000
0.300000
0.230000
0.280000
0.290000
0.290000
0.330000
0.350000
0.420000
0.340000
0.390000
0.410000
0.420000
0.440000
0.460000
0.520000
0.450000
0.500000
0.460000
0.480000
0.500000
0.510000
0.530000
0.550000
0.560000
0.580000
0.600000
0.610000
0.750000
0.640000
0.660000
0.670000
0.700000
0.710000
0.730000
0.740000
0.760000
0.770000
0.790000
0.800000
0.820000
0.830000
0.850000
0.860000
0.880000
0.900000
0.920000
0.970000
0.940000
0.960000
0.980000
1.000000
1.010000
1.030000
1.040000
1.060000
1.070000
1.090000
1.110000
1.120000
1.140000
1.210000
1.170000
1.190000
1.200000
1.220000
1.240000
1.250000
1.260000
1.280000
1.300000
1.320000
1.330000
1.350000
1.370000
1.380000
1.400000
1.420000
1.430000
1.450000
1.490000
1.470000
1.490000
1.510000
1.530000
1.540000
1.550000
1.570000
1.580000
1.600000
1.620000
1.630000
1.650000
1.670000
1.740000
1.700000
1.710000
1.720000
1.740000
1.760000
1.780000
1.790000
1.810000
1.820000
1.840000
1.860000
1.870000
1.890000
1.900000
1.920000
1.940000
1.950000
1.970000
1.980000
2.000000
2.020000
2.030000
2.050000
2.070000
2.080000
2.090000
