>> Smartstat initialized
scanRate: 0.20V/s	number of Cycles: 1	 eqTime: 1s
0.01
0.05
0.07
0.07
0.11
0.16
0.13
0.17
0.22
0.19
0.22
0.25
0.30
0.27
0.31
0.32
0.31
0.40
0.39
0.42
0.42
0.43
0.45
0.46
0.50
0.51
0.51
0.56
0.58
0.57
0.59
0.61
0.63
0.67
0.67
0.69
0.71
0.73
0.75
0.77
0.79
0.81
0.83
0.85
0.87
0.89
0.90
0.93
0.94
0.96
0.98
1.01
1.03
1.04
1.06
1.08
1.10
1.12
1.14
1.17
1.18
1.21
1.22
1.25
1.26
1.28
1.30
1.32
1.34
1.36
1.38
1.40
1.41
1.44
1.46
1.48
1.49
1.52
1.54
1.55
1.58
1.59
1.61
1.64
1.66
1.67
1.69
1.72
1.73
1.75
1.77
1.79
1.81
1.83
1.85
1.87
1.89
1.90
1.93
1.95
1.97
1.99
2.00
2.02
2.04
2.06
2.08
2.10
2.12
2.14
2.16
2.18
2.20
2.24
2.24
2.26
2.28
2.30
2.32
2.34
2.36
2.37
2.39
2.42
2.44
2.46
2.48
2.50
2.51
2.53
2.55
2.57
2.59
2.62
2.63
2.66
2.67
2.69
2.71
2.73
2.75
2.77
2.79
2.81
2.83
2.85
2.89
2.89
2.91
2.93
2.95
2.97
2.99
3.01
3.03
3.05
3.07
3.09
3.11
3.13
3.14
3.16
3.18
3.21
3.23
3.25
3.26
3.29
3.31
3.33
3.34
3.36
3.38
3.40
3.42
3.44
3.46
3.48
3.50
3.53
3.54
3.56
3.58
3.60
3.62
3.63
3.66
3.68
3.70
3.72
3.74
3.75
3.77
3.79
3.81
3.84
3.86
3.87
3.89
3.91
3.93
3.95
3.96
3.98
4.01
4.02
4.05
4.06
4.08
4.10
4.13
4.15
4.17
4.18
4.20
4.22
4.24
4.25
4.28
4.30
4.32
4.34
4.36
4.38
4.39
4.42
4.43
4.46
4.48
4.50
4.52
4.54
4.55
4.58
4.59
4.61
4.63
4.65
4.67
4.69
4.70
4.73
4.75
4.77
4.79
4.79
4.82
4.85
4.86
4.88
4.90
4.92
4.95
4.96
4.98
5.00
4.98
4.97
4.94
4.93
4.91
4.88
4.86
4.84
4.82
4.80
4.79
4.77
4.75
4.73
4.71
4.69
4.67
4.65
4.63
4.61
4.59
4.58
4.55
4.54
4.52
4.50
4.48
4.46
4.44
4.41
4.40
4.38
4.36
4.34
4.32
4.30
4.27
4.26
4.24
4.22
4.20
4.18
4.17
4.14
4.13
4.11
4.08
4.07
4.05
4.03
4.00
3.99
3.97
3.95
3.93
3.91
3.90
3.87
3.86
3.83
3.81
3.79
3.77
3.75
3.74
3.72
3.70
3.68
3.67
3.64
3.62
3.59
3.58
3.56
3.54
3.52
3.50
3.48
3.46
3.44
3.42
3.40
3.38
3.37
3.34
3.33
3.31
3.28
3.27
3.25
3.23
3.21
3.18
3.16
3.14
3.13
3.11
3.09
3.07
3.05
3.03
3.00
2.99
2.97
2.95
2.93
2.92
2.89
2.87
2.85
2.83
2.81
2.79
2.77
2.75
2.73
2.72
2.69
2.67
2.66
2.63
2.62
2.59
2.58
2.55
2.53
2.52
2.50
2.48
2.46
2.45
2.41
2.40
2.38
2.35
2.33
2.32
2.30
2.28
2.26
2.24
2.22
2.20
2.18
2.16
2.14
2.12
2.10
2.08
2.06
2.05
2.02
2.00
1.98
1.97
1.95
1.93
1.90
1.89
1.87
1.85
1.83
1.81
1.82
1.77
1.75
1.73
1.71
1.69
1.67
1.66
1.64
1.61
1.60
1.57
1.55
1.54
1.52
1.49
1.47
1.46
1.44
1.42
1.40
1.38
1.36
1.34
1.32
1.30
1.28
1.26
1.25
1.22
1.20
1.18
1.16
1.14
1.12
1.10
1.08
1.06
1.04
1.03
1.01
0.99
0.96
0.94
0.92
0.90
0.89
0.88
0.84
0.83
0.81
0.79
0.77
0.75
0.73
0.71
0.69
0.67
0.64
0.63
0.61
0.59
0.57
0.55
0.53
0.51
0.51
0.47
0.45
0.43
0.41
0.39
0.37
0.36
0.33
0.32
0.29
0.27
0.26
0.24
0.22
0.20
0.18
0.16
0.14
0.12
0.10
0.08
0.06
0.04
0.02
0.00
Analysis Complete
