>> Smartstat initialized
scanRate: 0.20V/s	number of Cycles: 1	 eqTime: 1s
0.07
0.03
0.17
0.13
0.12
0.15
0.22
0.19
0.22
0.24
0.31
0.24
0.30
0.31
0.32
0.36
0.38
0.43
0.37
0.43
0.45
0.47
0.47
0.53
0.57
0.53
0.61
0.62
0.60
0.58
0.59
0.62
0.63
0.66
0.68
0.69
0.71
0.74
0.75
0.77
0.79
0.81
0.83
0.85
0.87
0.89
0.91
0.93
0.95
0.97
0.99
1.12
1.03
1.05
1.07
1.08
1.11
1.12
1.15
1.16
1.19
1.21
1.23
1.25
1.26
1.28
1.30
1.32
1.35
1.36
1.39
1.40
1.43
1.45
1.46
1.48
1.50
1.52
1.54
1.56
1.58
1.60
1.62
1.64
1.74
1.67
1.70
1.71
1.74
1.75
1.77
1.80
1.81
1.83
1.85
1.87
1.89
1.91
1.93
1.95
1.97
1.99
2.01
2.03
2.05
2.07
2.09
2.10
2.13
2.15
2.16
2.18
2.20
2.22
2.24
2.27
2.29
2.30
2.32
2.34
2.36
2.37
2.40
2.42
2.44
2.46
2.48
2.50
2.51
2.54
2.56
2.60
2.60
2.62
2.64
2.66
2.68
2.70
2.72
2.74
2.75
2.78
2.79
2.82
2.83
2.85
2.87
2.89
2.92
2.93
2.99
2.97
2.99
3.01
3.03
3.05
3.07
3.09
3.11
3.13
3.14
3.17
3.19
3.21
3.26
3.25
3.27
3.29
3.31
3.33
3.35
3.36
3.39
3.41
3.43
3.44
3.46
3.48
3.50
3.52
3.54
3.56
3.58
3.61
3.62
3.64
3.66
3.68
3.70
3.72
3.74
3.75
3.77
3.80
3.81
3.83
3.86
3.89
3.89
3.91
3.93
3.95
3.97
3.99
4.01
4.03
4.04
4.07
4.08
4.10
4.13
4.15
4.17
4.18
4.20
4.22
4.25
4.26
4.28
4.30
4.32
4.34
4.36
4.38
4.39
4.41
4.43
4.46
4.48
4.50
4.50
4.53
4.56
4.57
4.59
4.61
4.63
4.65
4.67
4.69
4.71
4.73
4.75
4.77
4.79
4.80
4.83
4.84
4.86
4.88
4.90
4.92
4.94
4.96
4.98
5.00
4.98
4.97
4.95
4.92
4.90
4.88
4.86
4.85
4.83
4.81
4.79
4.77
4.75
4.73
4.71
4.69
4.67
4.65
4.63
4.61
4.59
4.56
4.56
4.53
4.52
4.49
4.48
4.46
4.44
4.42
4.40
4.38
4.36
4.34
4.32
4.30
4.28
4.26
4.24
4.22
4.20
4.18
4.17
4.15
4.13
4.11
4.09
4.07
4.05
4.03
4.01
3.98
3.97
3.96
3.93
3.91
3.90
3.87
3.85
3.83
3.82
3.79
3.77
3.75
3.74
3.72
3.70
3.68
3.67
3.64
3.62
3.60
3.58
3.56
3.54
3.53
3.51
3.49
3.46
3.44
3.42
3.41
3.39
3.36
3.34
3.33
3.31
3.29
3.27
3.25
3.23
3.21
3.19
3.17
3.14
3.13
3.11
3.09
3.08
3.05
3.03
3.04
2.99
2.97
2.95
2.93
2.91
2.89
2.88
2.86
2.83
2.82
2.79
2.78
2.76
2.74
2.71
2.70
2.68
2.66
2.64
2.62
2.60
2.58
2.56
2.54
2.51
2.50
2.48
2.46
2.44
2.42
2.40
2.38
2.35
2.34
2.32
2.30
2.29
2.27
2.25
2.22
2.20
2.19
2.17
2.14
2.12
2.10
2.14
2.07
2.05
2.03
2.01
1.99
1.97
1.95
1.93
1.91
1.89
1.87
1.86
1.84
1.81
1.80
1.77
1.75
1.73
1.72
1.69
1.68
1.66
1.64
1.62
1.60
1.58
1.56
1.54
1.52
1.50
1.48
1.46
1.53
1.42
1.40
1.39
1.36
1.34
1.32
1.30
1.28
1.27
1.25
1.23
1.21
1.19
1.16
1.15
1.12
1.11
1.09
1.07
1.05
1.03
1.01
0.99
0.97
0.95
0.93
0.91
0.89
0.87
0.85
0.83
0.81
0.91
0.78
0.76
0.73
0.72
0.69
0.67
0.66
0.63
0.62
0.60
0.58
0.56
0.54
0.64
0.49
0.47
0.45
0.44
0.42
0.40
0.38
0.36
0.34
0.32
0.30
0.28
0.26
0.24
0.22
0.21
0.19
0.17
0.14
0.13
0.10
0.09
0.07
0.04
0.03
0.01
Analysis Complete
